  arc_length_s     gamma_x(s)       gamma_y(s)       gamma_z(s)
  0.000000e+00    0.000000e+00    0.000000e+00    5.000000e-01
  2.000000e-02    2.000000e-02    0.000000e+00    5.000000e-01
  4.000000e-02    3.999996e-02    0.000000e+00    5.000400e-01
  6.000000e-02    5.999980e-02    0.000000e+00    5.001200e-01
  8.000000e-02    7.999944e-02    0.000000e+00    5.002400e-01
  1.000000e-01    9.999880e-02    0.000000e+00    5.004000e-01
  1.200000e-01    1.199978e-01    0.000000e+00    5.006000e-01
  1.400000e-01    1.399964e-01    0.000000e+00    5.008400e-01
  1.600000e-01    1.599944e-01    0.000000e+00    5.011200e-01
  1.800000e-01    1.799918e-01    0.000000e+00    5.014400e-01
  2.000000e-01    1.999886e-01    0.000000e+00    5.017999e-01
  2.200000e-01    2.199846e-01    0.000000e+00    5.021999e-01
  2.400000e-01    2.399798e-01    0.000000e+00    5.026399e-01
  2.600000e-01    2.599740e-01    0.000000e+00    5.031198e-01
  2.800000e-01    2.799672e-01    0.000000e+00    5.036398e-01
  3.000000e-01    2.999594e-01    0.000000e+00    5.041997e-01
  3.200000e-01    3.199504e-01    0.000000e+00    5.047996e-01
  3.400000e-01    3.399402e-01    0.000000e+00    5.054395e-01
  3.600000e-01    3.599286e-01    0.000000e+00    5.061194e-01
  3.800000e-01    3.799156e-01    0.000000e+00    5.068392e-01
  4.000000e-01    3.999012e-01    0.000000e+00    5.075990e-01
  4.200000e-01    4.198852e-01    0.000000e+00    5.083988e-01
  4.400000e-01    4.398676e-01    0.000000e+00    5.092386e-01
  4.600000e-01    4.598482e-01    0.000000e+00    5.101183e-01
  4.800000e-01    4.798271e-01    0.000000e+00    5.110380e-01
  5.000000e-01    4.998040e-01    0.000000e+00    5.119976e-01
  5.200000e-01    5.197790e-01    0.000000e+00    5.129972e-01
  5.400000e-01    5.397520e-01    0.000000e+00    5.140367e-01
  5.600000e-01    5.597228e-01    0.000000e+00    5.151162e-01
  5.800000e-01    5.796915e-01    0.000000e+00    5.162356e-01
  6.000000e-01    5.996579e-01    0.000000e+00    5.173950e-01
  6.200000e-01    6.196219e-01    0.000000e+00    5.185942e-01
  6.400000e-01    6.395834e-01    0.000000e+00    5.198334e-01
  6.600000e-01    6.595425e-01    0.000000e+00    5.211126e-01
  6.800000e-01    6.794990e-01    0.000000e+00    5.224316e-01
  7.000000e-01    6.994527e-01    0.000000e+00    5.237906e-01
  7.200000e-01    7.194038e-01    0.000000e+00    5.251894e-01
  7.400000e-01    7.393519e-01    0.000000e+00    5.266282e-01
  7.600000e-01    7.592972e-01    0.000000e+00    5.281068e-01
  7.800000e-01    7.792395e-01    0.000000e+00    5.296254e-01
  8.000000e-01    7.991787e-01    0.000000e+00    5.311838e-01
  8.200000e-01    8.191147e-01    0.000000e+00    5.327821e-01
  8.400000e-01    8.390475e-01    0.000000e+00    5.344202e-01
  8.600000e-01    8.589770e-01    0.000000e+00    5.360983e-01
  8.800000e-01    8.789031e-01    0.000000e+00    5.378161e-01
  9.000000e-01    8.988257e-01    0.000000e+00    5.395739e-01
  9.200000e-01    9.187447e-01    0.000000e+00    5.413714e-01
  9.400000e-01    9.386601e-01    0.000000e+00    5.432088e-01
  9.600000e-01    9.585718e-01    0.000000e+00    5.450861e-01
  9.800000e-01    9.784798e-01    0.000000e+00    5.470031e-01
  1.000000e+00    9.983838e-01    0.000000e+00    5.489600e-01
  1.020000e+00    1.018284e+00    0.000000e+00    5.509567e-01
  1.040000e+00    1.038180e+00    0.000000e+00    5.529931e-01
  1.060000e+00    1.058072e+00    0.000000e+00    5.550694e-01
  1.080000e+00    1.077960e+00    0.000000e+00    5.571854e-01
  1.100000e+00    1.097843e+00    0.000000e+00    5.593412e-01
  1.120000e+00    1.117722e+00    0.000000e+00    5.615368e-01
  1.140000e+00    1.137597e+00    0.000000e+00    5.637721e-01
  1.160000e+00    1.157467e+00    0.000000e+00    5.660472e-01
  1.180000e+00    1.177333e+00    0.000000e+00    5.683620e-01
  1.200000e+00    1.197194e+00    0.000000e+00    5.707165e-01
  1.220000e+00    1.217050e+00    0.000000e+00    5.731107e-01
  1.240000e+00    1.236901e+00    0.000000e+00    5.755447e-01
  1.260000e+00    1.256748e+00    0.000000e+00    5.780183e-01
  1.280000e+00    1.276589e+00    0.000000e+00    5.805317e-01
  1.300000e+00    1.296425e+00    0.000000e+00    5.830847e-01
  1.320000e+00    1.316257e+00    0.000000e+00    5.856774e-01
  1.340000e+00    1.336083e+00    0.000000e+00    5.883097e-01
  1.360000e+00    1.355903e+00    0.000000e+00    5.909817e-01
  1.380000e+00    1.375719e+00    0.000000e+00    5.936933e-01
  1.400000e+00    1.395529e+00    0.000000e+00    5.964446e-01
  1.420000e+00    1.415333e+00    0.000000e+00    5.992354e-01
  1.440000e+00    1.435132e+00    0.000000e+00    6.020659e-01
  1.460000e+00    1.454925e+00    0.000000e+00    6.049360e-01
  1.480000e+00    1.474712e+00    0.000000e+00    6.078456e-01
  1.500000e+00    1.494493e+00    0.000000e+00    6.107948e-01
  1.520000e+00    1.514269e+00    0.000000e+00    6.137836e-01
  1.540000e+00    1.534038e+00    0.000000e+00    6.168119e-01
  1.560000e+00    1.553801e+00    0.000000e+00    6.198797e-01
  1.580000e+00    1.573558e+00    0.000000e+00    6.229871e-01
  1.600000e+00    1.593309e+00    0.000000e+00    6.261339e-01
  1.620000e+00    1.613054e+00    0.000000e+00    6.293203e-01
  1.640000e+00    1.632792e+00    0.000000e+00    6.325462e-01
  1.660000e+00    1.652524e+00    0.000000e+00    6.358115e-01
  1.680000e+00    1.672249e+00    0.000000e+00    6.391162e-01
  1.700000e+00    1.691967e+00    0.000000e+00    6.424605e-01
  1.720000e+00    1.711679e+00    0.000000e+00    6.458441e-01
  1.740000e+00    1.731384e+00    0.000000e+00    6.492672e-01
  1.760000e+00    1.751082e+00    0.000000e+00    6.527296e-01
  1.780000e+00    1.770773e+00    0.000000e+00    6.562315e-01
  1.800000e+00    1.790457e+00    0.000000e+00    6.597727e-01
  1.820000e+00    1.810134e+00    0.000000e+00    6.633533e-01
  1.840000e+00    1.829803e+00    0.000000e+00    6.669733e-01
  1.860000e+00    1.849466e+00    0.000000e+00    6.706325e-01
  1.880000e+00    1.869121e+00    0.000000e+00    6.743311e-01
  1.900000e+00    1.888768e+00    0.000000e+00    6.780690e-01
  1.920000e+00    1.908408e+00    0.000000e+00    6.818462e-01
  1.940000e+00    1.928041e+00    0.000000e+00    6.856626e-01
  1.960000e+00    1.947666e+00    0.000000e+00    6.895183e-01
  1.980000e+00    1.967283e+00    0.000000e+00    6.934133e-01
  2.000000e+00    1.986892e+00    0.000000e+00    6.973475e-01
  2.020000e+00    2.006493e+00    0.000000e+00    7.013208e-01
  2.040000e+00    2.026087e+00    0.000000e+00    7.053334e-01
  2.060000e+00    2.045672e+00    0.000000e+00    7.093852e-01
  2.080000e+00    2.065249e+00    0.000000e+00    7.134761e-01
  2.100000e+00    2.084818e+00    0.000000e+00    7.176062e-01
  2.120000e+00    2.104379e+00    0.000000e+00    7.217754e-01
  2.140000e+00    2.123931e+00    0.000000e+00    7.259837e-01
  2.160000e+00    2.143475e+00    0.000000e+00    7.302311e-01
  2.180000e+00    2.163010e+00    0.000000e+00    7.345176e-01
  2.200000e+00    2.182537e+00    0.000000e+00    7.388431e-01
  2.220000e+00    2.202054e+00    0.000000e+00    7.432077e-01
  2.240000e+00    2.221564e+00    0.000000e+00    7.476113e-01
  2.260000e+00    2.241064e+00    0.000000e+00    7.520540e-01
  2.280000e+00    2.260555e+00    0.000000e+00    7.565356e-01
  2.300000e+00    2.280038e+00    0.000000e+00    7.610562e-01
  2.320000e+00    2.299511e+00    0.000000e+00    7.656157e-01
  2.340000e+00    2.318975e+00    0.000000e+00    7.702142e-01
  2.360000e+00    2.338430e+00    0.000000e+00    7.748516e-01
  2.380000e+00    2.357876e+00    0.000000e+00    7.795279e-01
  2.400000e+00    2.377312e+00    0.000000e+00    7.842431e-01
  2.420000e+00    2.396739e+00    0.000000e+00    7.889972e-01
  2.440000e+00    2.416156e+00    0.000000e+00    7.937901e-01
  2.460000e+00    2.435564e+00    0.000000e+00    7.986218e-01
  2.480000e+00    2.454962e+00    0.000000e+00    8.034923e-01
  2.500000e+00    2.474350e+00    0.000000e+00    8.084016e-01
  2.520000e+00    2.493728e+00    0.000000e+00    8.133497e-01
  2.540000e+00    2.513096e+00    0.000000e+00    8.183365e-01
  2.560000e+00    2.532455e+00    0.000000e+00    8.233621e-01
  2.580000e+00    2.551803e+00    0.000000e+00    8.284264e-01
  2.600000e+00    2.571141e+00    0.000000e+00    8.335293e-01
  2.620000e+00    2.590469e+00    0.000000e+00    8.386709e-01
  2.640000e+00    2.609786e+00    0.000000e+00    8.438512e-01
  2.660000e+00    2.629093e+00    0.000000e+00    8.490700e-01
  2.680000e+00    2.648390e+00    0.000000e+00    8.543275e-01
  2.700000e+00    2.667676e+00    0.000000e+00    8.596236e-01
  2.720000e+00    2.686951e+00    0.000000e+00    8.649582e-01
  2.740000e+00    2.706216e+00    0.000000e+00    8.703314e-01
  2.760000e+00    2.725470e+00    0.000000e+00    8.757431e-01
  2.780000e+00    2.744713e+00    0.000000e+00    8.811933e-01
  2.800000e+00    2.763945e+00    0.000000e+00    8.866819e-01
  2.820000e+00    2.783166e+00    0.000000e+00    8.922090e-01
  2.840000e+00    2.802376e+00    0.000000e+00    8.977746e-01
  2.860000e+00    2.821575e+00    0.000000e+00    9.033785e-01
  2.880000e+00    2.840763e+00    0.000000e+00    9.090209e-01
  2.900000e+00    2.859939e+00    0.000000e+00    9.147016e-01
  2.920000e+00    2.879104e+00    0.000000e+00    9.204206e-01
  2.940000e+00    2.898257e+00    0.000000e+00    9.261780e-01
  2.960000e+00    2.917399e+00    0.000000e+00    9.319736e-01
  2.980000e+00    2.936529e+00    0.000000e+00    9.378076e-01
  3.000000e+00    2.955648e+00    0.000000e+00    9.436798e-01
  3.020000e+00    2.974754e+00    0.000000e+00    9.495902e-01
  3.040000e+00    2.993849e+00    0.000000e+00    9.555388e-01
  3.060000e+00    3.012932e+00    0.000000e+00    9.615256e-01
  3.080000e+00    3.032003e+00    0.000000e+00    9.675505e-01
  3.100000e+00    3.051062e+00    0.000000e+00    9.736136e-01
  3.120000e+00    3.070109e+00    0.000000e+00    9.797147e-01
  3.140000e+00    3.089143e+00    0.000000e+00    9.858540e-01
  3.160000e+00    3.108165e+00    0.000000e+00    9.920313e-01
  3.180000e+00    3.127175e+00    0.000000e+00    9.982466e-01
  3.200000e+00    3.146172e+00    0.000000e+00    1.004500e+00
  3.220000e+00    3.165157e+00    0.000000e+00    1.010791e+00
  3.240000e+00    3.184129e+00    0.000000e+00    1.017121e+00
  3.260000e+00    3.203088e+00    0.000000e+00    1.023488e+00
  3.280000e+00    3.222035e+00    0.000000e+00    1.029893e+00
  3.300000e+00    3.240969e+00    0.000000e+00    1.036336e+00
  3.320000e+00    3.259890e+00    0.000000e+00    1.042817e+00
  3.340000e+00    3.278797e+00    0.000000e+00    1.049336e+00
  3.360000e+00    3.297692e+00    0.000000e+00    1.055892e+00
  3.380000e+00    3.316574e+00    0.000000e+00    1.062486e+00
  3.400000e+00    3.335442e+00    0.000000e+00    1.069118e+00
  3.420000e+00    3.354297e+00    0.000000e+00    1.075788e+00
  3.440000e+00    3.373139e+00    0.000000e+00    1.082495e+00
  3.460000e+00    3.391967e+00    0.000000e+00    1.089241e+00
  3.480000e+00    3.410782e+00    0.000000e+00    1.096023e+00
  3.500000e+00    3.429583e+00    0.000000e+00    1.102844e+00
  3.520000e+00    3.448371e+00    0.000000e+00    1.109702e+00
  3.540000e+00    3.467144e+00    0.000000e+00    1.116597e+00
  3.560000e+00    3.485904e+00    0.000000e+00    1.123530e+00
  3.580000e+00    3.504650e+00    0.000000e+00    1.130501e+00
  3.600000e+00    3.523382e+00    0.000000e+00    1.137509e+00
  3.620000e+00    3.542100e+00    0.000000e+00    1.144554e+00
  3.640000e+00    3.560804e+00    0.000000e+00    1.151637e+00
  3.660000e+00    3.579494e+00    0.000000e+00    1.158757e+00
  3.680000e+00    3.598169e+00    0.000000e+00    1.165915e+00
  3.700000e+00    3.616830e+00    0.000000e+00    1.173110e+00
  3.720000e+00    3.635476e+00    0.000000e+00    1.180342e+00
  3.740000e+00    3.654108e+00    0.000000e+00    1.187612e+00
  3.760000e+00    3.672726e+00    0.000000e+00    1.194919e+00
  3.780000e+00    3.691329e+00    0.000000e+00    1.202263e+00
  3.800000e+00    3.709917e+00    0.000000e+00    1.209644e+00
  3.820000e+00    3.728490e+00    0.000000e+00    1.217063e+00
  3.840000e+00    3.747049e+00    0.000000e+00    1.224518e+00
  3.860000e+00    3.765592e+00    0.000000e+00    1.232011e+00
  3.880000e+00    3.784120e+00    0.000000e+00    1.239541e+00
  3.900000e+00    3.802634e+00    0.000000e+00    1.247107e+00
  3.920000e+00    3.821132e+00    0.000000e+00    1.254711e+00
  3.940000e+00    3.839615e+00    0.000000e+00    1.262352e+00
  3.960000e+00    3.858083e+00    0.000000e+00    1.270029e+00
  3.980000e+00    3.876535e+00    0.000000e+00    1.277744e+00
  4.000000e+00    3.894972e+00    0.000000e+00    1.285496e+00
  4.020000e+00    3.913393e+00    0.000000e+00    1.293284e+00
  4.040000e+00    3.931798e+00    0.000000e+00    1.301109e+00
  4.060000e+00    3.950188e+00    0.000000e+00    1.308971e+00
  4.080000e+00    3.968562e+00    0.000000e+00    1.316870e+00
  4.100000e+00    3.986921e+00    0.000000e+00    1.324805e+00
  4.120000e+00    4.005263e+00    0.000000e+00    1.332778e+00
  4.140000e+00    4.023590e+00    0.000000e+00    1.340786e+00
  4.160000e+00    4.041900e+00    0.000000e+00    1.348832e+00
  4.180000e+00    4.060194e+00    0.000000e+00    1.356914e+00
  4.200000e+00    4.078472e+00    0.000000e+00    1.365033e+00
  4.220000e+00    4.096734e+00    0.000000e+00    1.373188e+00
  4.240000e+00    4.114979e+00    0.000000e+00    1.381380e+00
  4.260000e+00    4.133209e+00    0.000000e+00    1.389608e+00
  4.280000e+00    4.151421e+00    0.000000e+00    1.397872e+00
  4.300000e+00    4.169617e+00    0.000000e+00    1.406173e+00
  4.320000e+00    4.187796e+00    0.000000e+00    1.414511e+00
  4.340000e+00    4.205959e+00    0.000000e+00    1.422885e+00
  4.360000e+00    4.224105e+00    0.000000e+00    1.431295e+00
  4.380000e+00    4.242234e+00    0.000000e+00    1.439741e+00
  4.400000e+00    4.260346e+00    0.000000e+00    1.448224e+00
  4.420000e+00    4.278441e+00    0.000000e+00    1.456742e+00
  4.440000e+00    4.296519e+00    0.000000e+00    1.465297e+00
  4.460000e+00    4.314580e+00    0.000000e+00    1.473889e+00
  4.480000e+00    4.332623e+00    0.000000e+00    1.482516e+00
  4.500000e+00    4.350649e+00    0.000000e+00    1.491179e+00
  4.520000e+00    4.368658e+00    0.000000e+00    1.499878e+00
  4.540000e+00    4.386650e+00    0.000000e+00    1.508614e+00
  4.560000e+00    4.404624e+00    0.000000e+00    1.517385e+00
  4.580000e+00    4.422580e+00    0.000000e+00    1.526192e+00
  4.600000e+00    4.440519e+00    0.000000e+00    1.535035e+00
  4.620000e+00    4.458440e+00    0.000000e+00    1.543914e+00
  4.640000e+00    4.476343e+00    0.000000e+00    1.552829e+00
  4.660000e+00    4.494229e+00    0.000000e+00    1.561780e+00
  4.680000e+00    4.512096e+00    0.000000e+00    1.570766e+00
  4.700000e+00    4.529946e+00    0.000000e+00    1.579788e+00
  4.720000e+00    4.547777e+00    0.000000e+00    1.588846e+00
  4.740000e+00    4.565590e+00    0.000000e+00    1.597939e+00
  4.760000e+00    4.583385e+00    0.000000e+00    1.607068e+00
  4.780000e+00    4.601162e+00    0.000000e+00    1.616233e+00
  4.800000e+00    4.618920e+00    0.000000e+00    1.625433e+00
  4.820000e+00    4.636660e+00    0.000000e+00    1.634668e+00
  4.840000e+00    4.654382e+00    0.000000e+00    1.643939e+00
  4.860000e+00    4.672084e+00    0.000000e+00    1.653246e+00
  4.880000e+00    4.689769e+00    0.000000e+00    1.662588e+00
  4.900000e+00    4.707434e+00    0.000000e+00    1.671965e+00
  4.920000e+00    4.725081e+00    0.000000e+00    1.681377e+00
  4.940000e+00    4.742708e+00    0.000000e+00    1.690825e+00
  4.960000e+00    4.760317e+00    0.000000e+00    1.700308e+00
  4.980000e+00    4.777907e+00    0.000000e+00    1.709826e+00
  5.000000e+00    4.795478e+00    0.000000e+00    1.719380e+00
  5.020000e+00    4.813030e+00    0.000000e+00    1.728968e+00
  5.040000e+00    4.830562e+00    0.000000e+00    1.738592e+00
  5.060000e+00    4.848075e+00    0.000000e+00    1.748250e+00
  5.080000e+00    4.865569e+00    0.000000e+00    1.757944e+00
  5.100000e+00    4.883043e+00    0.000000e+00    1.767673e+00
  5.120000e+00    4.900498e+00    0.000000e+00    1.777436e+00
  5.140000e+00    4.917934e+00    0.000000e+00    1.787235e+00
  5.160000e+00    4.935349e+00    0.000000e+00    1.797068e+00
  5.180000e+00    4.952745e+00    0.000000e+00    1.806936e+00
  5.200000e+00    4.970122e+00    0.000000e+00    1.816839e+00
  5.220000e+00    4.987478e+00    0.000000e+00    1.826777e+00
  5.240000e+00    5.004814e+00    0.000000e+00    1.836749e+00
  5.260000e+00    5.022131e+00    0.000000e+00    1.846756e+00
  5.280000e+00    5.039427e+00    0.000000e+00    1.856797e+00
  5.300000e+00    5.056704e+00    0.000000e+00    1.866874e+00
  5.320000e+00    5.073960e+00    0.000000e+00    1.876984e+00
  5.340000e+00    5.091196e+00    0.000000e+00    1.887129e+00
  5.360000e+00    5.108411e+00    0.000000e+00    1.897309e+00
  5.380000e+00    5.125606e+00    0.000000e+00    1.907523e+00
  5.400000e+00    5.142781e+00    0.000000e+00    1.917771e+00
  5.420000e+00    5.159935e+00    0.000000e+00    1.928054e+00
  5.440000e+00    5.177069e+00    0.000000e+00    1.938371e+00
  5.460000e+00    5.194182e+00    0.000000e+00    1.948722e+00
  5.480000e+00    5.211274e+00    0.000000e+00    1.959108e+00
  5.500000e+00    5.228345e+00    0.000000e+00    1.969527e+00
  5.520000e+00    5.245396e+00    0.000000e+00    1.979981e+00
  5.540000e+00    5.262425e+00    0.000000e+00    1.990469e+00
  5.560000e+00    5.279434e+00    0.000000e+00    2.000991e+00
  5.580000e+00    5.296421e+00    0.000000e+00    2.011547e+00
  5.600000e+00    5.313388e+00    0.000000e+00    2.022137e+00
  5.620000e+00    5.330333e+00    0.000000e+00    2.032760e+00
  5.640000e+00    5.347257e+00    0.000000e+00    2.043418e+00
  5.660000e+00    5.364159e+00    0.000000e+00    2.054109e+00
  5.680000e+00    5.381040e+00    0.000000e+00    2.064834e+00
  5.700000e+00    5.397900e+00    0.000000e+00    2.075593e+00
  5.720000e+00    5.414738e+00    0.000000e+00    2.086386e+00
  5.740000e+00    5.431554e+00    0.000000e+00    2.097212e+00
  5.760000e+00    5.448349e+00    0.000000e+00    2.108072e+00
  5.780000e+00    5.465122e+00    0.000000e+00    2.118966e+00
  5.800000e+00    5.481873e+00    0.000000e+00    2.129893e+00
  5.820000e+00    5.498602e+00    0.000000e+00    2.140853e+00
  5.840000e+00    5.515309e+00    0.000000e+00    2.151847e+00
  5.860000e+00    5.531995e+00    0.000000e+00    2.162874e+00
  5.880000e+00    5.548658e+00    0.000000e+00    2.173935e+00
  5.900000e+00    5.565299e+00    0.000000e+00    2.185029e+00
  5.920000e+00    5.581918e+00    0.000000e+00    2.196156e+00
  5.940000e+00    5.598514e+00    0.000000e+00    2.207317e+00
  5.960000e+00    5.615088e+00    0.000000e+00    2.218510e+00
  5.980000e+00    5.631640e+00    0.000000e+00    2.229737e+00