arc_length_s   gamma_x(s)    gamma_y(s)   gamma_z(s)
0.000e-02      3.000e-01     0.000e-03    4.000e-02
0.200e-02      3.000e-01     4.500e-03    4.200e-02
0.400e-02      2.999e-01     9.000e-03    4.400e-02
0.600e-02      2.997e-01     1.350e-02    4.600e-02
0.800e-02      2.995e-01     1.800e-02    4.800e-02
1.000e-02      2.992e-01     2.250e-02    5.000e-02
1.200e-02      2.988e-01     2.700e-02    5.200e-02
1.400e-02      2.983e-01     3.150e-02    5.400e-02
1.600e-02      2.978e-01     3.590e-02    5.600e-02
1.800e-02      2.973e-01     4.040e-02    5.800e-02
2.000e-02      2.966e-01     4.490e-02    6.000e-02
2.200e-02      2.959e-01     4.930e-02    6.200e-02
2.400e-02      2.951e-01     5.380e-02    6.400e-02
2.600e-02      2.943e-01     5.820e-02    6.600e-02
2.800e-02      2.934e-01     6.260e-02    6.800e-02
3.000e-02      2.924e-01     6.700e-02    7.000e-02
3.200e-02      2.914e-01     7.140e-02    7.200e-02
3.400e-02      2.903e-01     7.570e-02    7.400e-02
3.600e-02      2.891e-01     8.010e-02    7.600e-02
3.800e-02      2.879e-01     8.440e-02    7.800e-02
4.000e-02      2.866e-01     8.870e-02    8.000e-02
4.200e-02      2.852e-01     9.300e-02    8.200e-02
4.400e-02      2.838e-01     9.730e-02    8.400e-02
4.600e-02      2.823e-01     1.016e-01    8.600e-02
4.800e-02      2.807e-01     1.058e-01    8.800e-02
5.000e-02      2.791e-01     1.100e-01    9.000e-02
5.200e-02      2.774e-01     1.142e-01    9.200e-02
5.400e-02      2.757e-01     1.183e-01    9.400e-02
5.600e-02      2.739e-01     1.224e-01    9.600e-02
5.800e-02      2.720e-01     1.265e-01    9.800e-02
6.000e-02      2.701e-01     1.306e-01    1.000e-01
6.200e-02      2.681e-01     1.347e-01    1.020e-01
6.400e-02      2.660e-01     1.387e-01    1.040e-01
6.600e-02      2.639e-01     1.426e-01    1.060e-01
6.800e-02      2.617e-01     1.466e-01    1.080e-01
7.000e-02      2.595e-01     1.505e-01    1.100e-01
7.200e-02      2.572e-01     1.544e-01    1.120e-01
7.400e-02      2.549e-01     1.582e-01    1.140e-01
7.600e-02      2.525e-01     1.620e-01    1.160e-01
7.800e-02      2.500e-01     1.658e-01    1.180e-01
8.000e-02      2.475e-01     1.695e-01    1.200e-01
8.200e-02      2.449e-01     1.732e-01    1.220e-01
8.400e-02      2.423e-01     1.769e-01    1.240e-01
8.600e-02      2.396e-01     1.805e-01    1.260e-01
8.800e-02      2.369e-01     1.841e-01    1.280e-01
9.000e-02      2.341e-01     1.876e-01    1.300e-01
9.200e-02      2.312e-01     1.911e-01    1.320e-01
9.400e-02      2.283e-01     1.946e-01    1.340e-01
9.600e-02      2.254e-01     1.980e-01    1.360e-01
9.800e-02      2.224e-01     2.013e-01    1.380e-01
1.000e-01      2.194e-01     2.047e-01    1.400e-01
1.020e-01      2.163e-01     2.079e-01    1.420e-01
1.040e-01      2.131e-01     2.112e-01    1.440e-01
1.060e-01      2.099e-01     2.143e-01    1.460e-01
1.080e-01      2.067e-01     2.175e-01    1.480e-01
1.100e-01      2.034e-01     2.205e-01    1.500e-01
1.120e-01      2.001e-01     2.236e-01    1.520e-01
1.140e-01      1.967e-01     2.265e-01    1.540e-01
1.160e-01      1.932e-01     2.295e-01    1.560e-01
1.180e-01      1.898e-01     2.323e-01    1.580e-01
1.200e-01      1.863e-01     2.352e-01    1.600e-01
1.220e-01      1.827e-01     2.379e-01    1.620e-01
1.240e-01      1.791e-01     2.407e-01    1.640e-01
1.260e-01      1.755e-01     2.433e-01    1.660e-01
1.280e-01      1.718e-01     2.459e-01    1.680e-01
1.300e-01      1.681e-01     2.485e-01    1.700e-01
1.320e-01      1.644e-01     2.510e-01    1.720e-01
1.340e-01      1.606e-01     2.534e-01    1.740e-01
1.360e-01      1.567e-01     2.558e-01    1.760e-01
1.380e-01      1.529e-01     2.581e-01    1.780e-01
1.400e-01      1.490e-01     2.604e-01    1.800e-01
1.420e-01      1.451e-01     2.626e-01    1.820e-01
1.440e-01      1.411e-01     2.647e-01    1.840e-01
1.460e-01      1.371e-01     2.668e-01    1.860e-01
1.480e-01      1.331e-01     2.689e-01    1.880e-01
1.500e-01      1.290e-01     2.708e-01    1.900e-01
1.520e-01      1.250e-01     2.727e-01    1.920e-01
1.540e-01      1.209e-01     2.746e-01    1.940e-01
1.560e-01      1.167e-01     2.764e-01    1.960e-01
1.580e-01      1.126e-01     2.781e-01    1.980e-01
1.600e-01      1.084e-01     2.797e-01    2.000e-01
1.620e-01      1.042e-01     2.813e-01    2.020e-01
1.640e-01      9.990e-02     2.829e-01    2.040e-01
1.660e-01      9.570e-02     2.843e-01    2.060e-01
1.680e-01      9.140e-02     2.857e-01    2.080e-01
1.700e-01      8.710e-02     2.871e-01    2.100e-01
1.720e-01      8.280e-02     2.884e-01    2.120e-01
1.740e-01      7.840e-02     2.896e-01    2.140e-01
1.760e-01      7.410e-02     2.907e-01    2.160e-01
1.780e-01      6.970e-02     2.918e-01    2.180e-01
1.800e-01      6.530e-02     2.928e-01    2.200e-01
1.820e-01      6.090e-02     2.938e-01    2.220e-01
1.840e-01      5.650e-02     2.946e-01    2.240e-01
1.860e-01      5.210e-02     2.954e-01    2.260e-01
1.880e-01      4.760e-02     2.962e-01    2.280e-01
1.900e-01      4.320e-02     2.969e-01    2.300e-01
1.920e-01      3.870e-02     2.975e-01    2.320e-01
1.940e-01      3.420e-02     2.980e-01    2.340e-01
1.960e-01      2.970e-02     2.985e-01    2.360e-01
1.980e-01      2.530e-02     2.989e-01    2.380e-01
2.000e-01      2.080e-02     2.993e-01    2.400e-01
2.020e-01      1.630e-02     2.996e-01    2.420e-01
2.040e-01      1.180e-02     2.998e-01    2.440e-01
2.060e-01      7.300e-03     2.999e-01    2.460e-01
2.080e-01      7.280e-03     3.000e-01    2.480e-01
2.100e-01      -1.700e-03    3.000e-01    2.500e-01
2.120e-01      -6.200e-03    2.999e-01    2.520e-01
2.140e-01      -1.070e-02    2.998e-01    2.540e-01
2.160e-01      -1.520e-02    2.996e-01    2.560e-01
2.180e-01      -1.970e-02    2.993e-01    2.580e-01
2.200e-01      -2.420e-02    2.990e-01    2.600e-01
2.220e-01      -2.870e-02    2.986e-01    2.620e-01
2.240e-01      -3.320e-02    2.982e-01    2.640e-01
2.260e-01      -3.770e-02    2.976e-01    2.660e-01
2.280e-01      -4.210e-02    2.970e-01    2.680e-01
2.300e-01      -4.660e-02    2.964e-01    2.700e-01
2.320e-01      -5.100e-02    2.956e-01    2.720e-01
2.340e-01      -5.550e-02    2.948e-01    2.740e-01
2.360e-01      -5.990e-02    2.940e-01    2.760e-01
2.380e-01      -6.430e-02    2.930e-01    2.780e-01
2.400e-01      -6.870e-02    2.920e-01    2.800e-01
2.420e-01      -7.310e-02    2.910e-01    2.820e-01
2.440e-01      -7.740e-02    2.898e-01    2.840e-01
2.460e-01      -8.180e-02    2.886e-01    2.860e-01
2.480e-01      -8.610e-02    2.874e-01    2.880e-01
2.500e-01      -9.040e-02    2.861e-01    2.900e-01
2.520e-01      -9.470e-02    2.847e-01    2.920e-01
2.540e-01      -9.890e-02    2.832e-01    2.940e-01
2.560e-01      -1.032e-01    2.817e-01    2.960e-01
2.580e-01      -1.074e-01    2.801e-01    2.980e-01
2.600e-01      -1.116e-01    2.785e-01    3.000e-01
2.620e-01      -1.158e-01    2.768e-01    3.020e-01
2.640e-01      -1.199e-01    2.750e-01    3.040e-01
2.660e-01      -1.240e-01    2.732e-01    3.060e-01
2.680e-01      -1.281e-01    2.713e-01    3.080e-01
2.700e-01      -1.322e-01    2.693e-01    3.100e-01
2.720e-01      -1.362e-01    2.673e-01    3.120e-01
2.740e-01      -1.402e-01    2.652e-01    3.140e-01
2.760e-01      -1.442e-01    2.631e-01    3.160e-01
2.780e-01      -1.481e-01    2.609e-01    3.180e-01
2.800e-01      -1.520e-01    2.586e-01    3.200e-01
2.820e-01      -1.559e-01    2.563e-01    3.220e-01
2.840e-01      -1.597e-01    2.540e-01    3.240e-01
2.860e-01      -1.635e-01    2.515e-01    3.260e-01
2.880e-01      -1.672e-01    2.491e-01    3.280e-01
2.900e-01      -1.710e-01    2.465e-01    3.300e-01
2.920e-01      -1.747e-01    2.439e-01    3.320e-01
2.940e-01      -1.783e-01    2.413e-01    3.340e-01
2.960e-01      -1.819e-01    2.386e-01    3.360e-01
2.980e-01      -1.855e-01    2.358e-01    3.380e-01
3.000e-01      -1.890e-01    2.330e-01    3.400e-01
3.020e-01      -1.925e-01    2.301e-01    3.420e-01
3.040e-01      -1.959e-01    2.272e-01    3.440e-01
3.060e-01      -1.993e-01    2.243e-01    3.460e-01
3.080e-01      -2.026e-01    2.212e-01    3.480e-01
3.100e-01      -2.059e-01    2.182e-01    3.500e-01
3.120e-01      -2.092e-01    2.151e-01    3.520e-01
3.140e-01      -2.124e-01    2.119e-01    3.540e-01
3.160e-01      -2.155e-01    2.087e-01    3.560e-01
3.180e-01      -2.186e-01    2.054e-01    3.580e-01
3.200e-01      -2.217e-01    2.021e-01    3.600e-01
3.220e-01      -2.247e-01    1.988e-01    3.620e-01
3.240e-01      -2.277e-01    1.954e-01    3.640e-01
3.260e-01      -2.306e-01    1.919e-01    3.660e-01
3.280e-01      -2.334e-01    1.884e-01    3.680e-01
3.300e-01      -2.362e-01    1.849e-01    3.700e-01
3.320e-01      -2.390e-01    1.813e-01    3.720e-01
3.340e-01      -2.417e-01    1.777e-01    3.740e-01
3.360e-01      -2.443e-01    1.741e-01    3.760e-01
3.380e-01      -2.469e-01    1.704e-01    3.780e-01
3.400e-01      -2.494e-01    1.667e-01    3.800e-01
3.420e-01      -2.519e-01    1.629e-01    3.820e-01
3.440e-01      -2.543e-01    1.591e-01    3.840e-01
3.460e-01      -2.567e-01    1.553e-01    3.860e-01
3.480e-01      -2.590e-01    1.514e-01    3.880e-01
3.500e-01      -2.612e-01    1.475e-01    3.900e-01
3.520e-01      -2.634e-01    1.436e-01    3.920e-01
3.540e-01      -2.656e-01    1.396e-01    3.940e-01
3.560e-01      -2.676e-01    1.356e-01    3.960e-01
3.580e-01      -2.696e-01    1.315e-01    3.980e-01
3.600e-01      -2.716e-01    1.275e-01    4.000e-01
3.620e-01      -2.735e-01    1.234e-01    4.020e-01
3.640e-01      -2.753e-01    1.193e-01    4.040e-01
3.660e-01      -2.770e-01    1.151e-01    4.060e-01
3.680e-01      -2.787e-01    1.110e-01    4.080e-01
3.700e-01      -2.804e-01    1.068e-01    4.100e-01
3.720e-01      -2.819e-01    1.025e-01    4.120e-01
3.740e-01      -2.834e-01    9.830e-01    4.140e-01
3.760e-01      -2.849e-01    9.400e-01    4.160e-01
3.780e-01      -2.863e-01    8.970e-01    4.180e-01
3.800e-01      -2.876e-01    8.540e-01    4.200e-01
3.820e-01      -2.888e-01    8.110e-01    4.220e-01
3.840e-01      -2.900e-01    7.680e-01    4.240e-01
3.860e-01      -2.911e-01    7.240e-01    4.260e-01
3.880e-01      -2.922e-01    6.800e-01    4.280e-01
3.900e-01      -2.932e-01    6.360e-01    4.300e-01
3.920e-01      -2.941e-01    5.920e-01    4.320e-01
3.940e-01      -2.950e-01    5.480e-01    4.340e-01
3.960e-01      -2.957e-01    5.030e-01    4.360e-01
3.980e-01      -2.965e-01    4.590e-01    4.380e-01
4.000e-01      -2.971e-01    4.140e-01    4.400e-01
4.020e-01      -2.977e-01    3.700e-01    4.420e-01
4.040e-01      -2.982e-01    3.250e-01    4.440e-01
4.060e-01      -2.987e-01    2.800e-01    4.460e-01
4.080e-01      -2.991e-01    2.350e-01    4.480e-01
4.100e-01      -2.994e-01    1.900e-01    4.500e-01
4.120e-01      -2.996e-01    1.450e-01    4.520e-01
4.140e-01      -2.998e-01    1.000e-01    4.540e-01
4.160e-01      -2.999e-01    5.500e-01    4.560e-01
4.180e-01      -3.000e-01    1.000e-01    4.580e-01
4.200e-01      -3.000e-01   -3.500e-02    4.607e-01
4.220e-01      -2.999e-01   -8.000e-02    4.627e-01
4.240e-01      -2.997e-01   -1.250e-02    4.647e-01
4.260e-01      -2.995e-01   -1.700e-02    4.667e-01
4.280e-01      -2.992e-01   -2.150e-02    4.687e-01
4.300e-01      -2.989e-01   -2.600e-02    4.707e-01
4.320e-01      -2.985e-01   -3.040e-02    4.727e-01
4.340e-01      -2.980e-01   -3.490e-02    4.747e-01
4.360e-01      -2.974e-01   -3.940e-02    4.767e-01
4.380e-01      -2.968e-01   -4.390e-02    4.787e-01
4.400e-01      -2.961e-01   -4.830e-02    4.807e-01
4.420e-01      -2.953e-01   -5.270e-02    4.827e-01
4.440e-01      -2.945e-01   -5.720e-02    4.847e-01
4.460e-01      -2.936e-01   -6.160e-02    4.867e-01
4.480e-01      -2.927e-01   -6.600e-02    4.887e-01
4.500e-01      -2.916e-01   -7.040e-02    4.907e-01
4.520e-01      -2.905e-01   -7.470e-02    4.927e-01
4.540e-01      -2.894e-01   -7.910e-02    4.947e-01
4.560e-01      -2.882e-01   -8.340e-02    4.967e-01
4.580e-01      -2.869e-01   -8.780e-02    4.987e-01
4.600e-01      -2.855e-01   -9.200e-02    5.007e-01
4.620e-01      -2.841e-01   -9.630e-02    5.027e-01
4.640e-01      -2.826e-01   -1.006e-01    5.047e-01
4.660e-01      -2.811e-01   -1.048e-01    5.067e-01
4.680e-01      -2.795e-01   -1.090e-01    5.087e-01
4.700e-01      -2.778e-01   -1.132e-01    5.107e-01
4.720e-01      -2.761e-01   -1.174e-01    5.127e-01
4.740e-01      -2.743e-01   -1.215e-01    5.147e-01
4.760e-01      -2.724e-01   -1.256e-01    5.167e-01
4.780e-01      -2.705e-01   -1.297e-01    5.187e-01
4.800e-01      -2.685e-01   -1.337e-01    5.207e-01
4.820e-01      -2.665e-01   -1.377e-01    5.227e-01
4.840e-01      -2.644e-01   -1.417e-01    5.247e-01
4.860e-01      -2.623e-01   -1.457e-01    5.267e-01
4.880e-01      -2.600e-01   -1.496e-01    5.287e-01
4.900e-01      -2.578e-01   -1.535e-01    5.307e-01
4.920e-01      -2.554e-01   -1.573e-01    5.327e-01
4.940e-01      -2.530e-01   -1.612e-01    5.347e-01
4.960e-01      -2.506e-01   -1.649e-01    5.367e-01
4.980e-01      -2.481e-01   -1.687e-01    5.387e-01
5.000e-01      -2.455e-01   -1.724e-01    5.407e-01
5.020e-01      -2.429e-01   -1.761e-01    5.427e-01
5.040e-01      -2.402e-01   -1.797e-01    5.447e-01
5.060e-01      -2.375e-01   -1.833e-01    5.467e-01
5.080e-01      -2.347e-01   -1.868e-01    5.487e-01
5.100e-01      -2.319e-01   -1.903e-01    5.507e-01
5.120e-01      -2.290e-01   -1.938e-01    5.527e-01
5.140e-01      -2.261e-01   -1.972e-01    5.547e-01
5.160e-01      -2.231e-01   -2.006e-01    5.567e-01
5.180e-01      -2.201e-01   -2.039e-01    5.587e-01
5.200e-01      -2.170e-01   -2.072e-01    5.607e-01
5.220e-01      -2.138e-01   -2.104e-01    5.627e-01
5.240e-01      -2.107e-01   -2.136e-01    5.647e-01
5.260e-01      -2.074e-01   -2.167e-01    5.667e-01
5.280e-01      -2.041e-01   -2.198e-01    5.687e-01
5.300e-01      -2.008e-01   -2.229e-01    5.707e-01
5.320e-01      -1.975e-01   -2.259e-01    5.727e-01
5.340e-01      -1.940e-01   -2.288e-01    5.747e-01
5.360e-01      -1.906e-01   -2.317e-01    5.767e-01
5.380e-01      -1.871e-01   -2.345e-01    5.787e-01
5.400e-01      -1.835e-01   -2.373e-01    5.807e-01
5.420e-01      -1.800e-01   -2.400e-01    5.827e-01
5.440e-01      -1.763e-01   -2.427e-01    5.847e-01
5.460e-01      -1.727e-01   -2.453e-01    5.867e-01
5.480e-01      -1.690e-01   -2.479e-01    5.887e-01
5.500e-01      -1.652e-01   -2.504e-01    5.907e-01
5.520e-01      -1.614e-01   -2.529e-01    5.927e-01
5.540e-01      -1.576e-01   -2.552e-01    5.947e-01
5.560e-01      -1.538e-01   -2.576e-01    5.967e-01
5.580e-01      -1.499e-01   -2.599e-01    5.987e-01
5.600e-01      -1.460e-01   -2.621e-01    6.007e-01
5.620e-01      -1.420e-01   -2.643e-01    6.027e-01
5.640e-01      -1.380e-01   -2.664e-01    6.047e-01
5.660e-01      -1.340e-01   -2.684e-01    6.067e-01
5.680e-01      -1.300e-01   -2.704e-01    6.087e-01
5.700e-01      -1.259e-01   -2.723e-01    6.107e-01
5.720e-01      -1.218e-01   -2.742e-01    6.127e-01
5.740e-01      -1.177e-01   -2.760e-01    6.147e-01
5.760e-01      -1.135e-01   -2.777e-01    6.167e-01
5.780e-01      -1.093e-01   -2.794e-01    6.187e-01
5.800e-01      -1.051e-01   -2.810e-01    6.207e-01
5.820e-01      -1.009e-01   -2.825e-01    6.227e-01
5.840e-01      -9.660e-02   -2.840e-01    6.247e-01
5.860e-01      -9.240e-02   -2.854e-01    6.267e-01
5.880e-01      -8.810e-02   -2.868e-01    6.287e-01
5.900e-01      -8.380e-02   -2.881e-01    6.307e-01
5.920e-01      -7.940e-02   -2.893e-01    6.327e-01
5.940e-01      -7.510e-02   -2.905e-01    6.347e-01
5.960e-01      -7.070e-02   -2.915e-01    6.367e-01
5.980e-01      -6.630e-02   -2.926e-01    6.387e-01
6.000e-01      -6.190e-02   -2.935e-01    6.407e-01
6.020e-01      -5.750e-02   -2.944e-01    6.427e-01
6.040e-01      -5.310e-02   -2.953e-01    6.447e-01
6.060e-01      -4.860e-02   -2.960e-01    6.467e-01
6.080e-01      -4.420e-02   -2.967e-01    6.487e-01
6.100e-01      -3.970e-02   -2.974e-01    6.507e-01
6.120e-01      -3.530e-02   -2.979e-01    6.527e-01
6.140e-01      -3.080e-02   -2.984e-01    6.547e-01
6.160e-01      -2.630e-02   -2.988e-01    6.567e-01
6.180e-01      -2.180e-02   -2.992e-01    6.587e-01
6.200e-01      -1.730e-02   -2.995e-01    6.607e-01
6.220e-01      -1.280e-02   -2.997e-01    6.627e-01
6.240e-01      -8.300e-03   -2.999e-01    6.647e-01
6.260e-01      -3.800e-03   -3.000e-01    6.667e-01
6.280e-01      7.000e-04    -3.000e-01    6.680e-01
6.300e-01      5.200e-03    -3.000e-01    6.700e-01
6.320e-01      9.700e-03    -2.998e-01    6.720e-01
6.340e-01      1.420e-02    -2.997e-01    6.740e-01
6.360e-01      1.870e-02    -2.994e-01    6.760e-01
6.380e-01      2.320e-02    -2.991e-01    6.780e-01
6.400e-01      2.770e-02    -2.987e-01    6.800e-01
6.420e-01      3.220e-02    -2.983e-01    6.820e-01
6.440e-01      3.660e-02    -2.978e-01    6.840e-01
6.460e-01      4.110e-02    -2.972e-01    6.860e-01
6.480e-01      4.560e-02    -2.965e-01    6.880e-01
6.500e-01      5.000e-02    -2.958e-01    6.900e-01
6.520e-01      5.440e-02    -2.950e-01    6.920e-01
6.540e-01      5.890e-02    -2.942e-01    6.940e-01
6.560e-01      6.330e-02    -2.932e-01    6.960e-01
6.580e-01      6.770e-02    -2.923e-01    6.980e-01
6.600e-01      7.210e-02    -2.912e-01    7.000e-01
6.620e-01      7.640e-02    -2.901e-01    7.020e-01
6.640e-01      8.080e-02    -2.889e-01    7.040e-01
6.660e-01      8.510e-02    -2.877e-01    7.060e-01
6.680e-01      8.940e-02    -2.864e-01    7.080e-01
6.700e-01      9.370e-02    -2.850e-01    7.100e-01
6.720e-01      9.800e-02    -2.836e-01    7.120e-01
6.740e-01      1.022e-01    -2.821e-01    7.140e-01
6.760e-01      1.064e-01    -2.805e-01    7.160e-01
6.780e-01      1.106e-01    -2.789e-01    7.180e-01
6.800e-01      1.148e-01    -2.772e-01    7.200e-01
6.820e-01      1.190e-01    -2.754e-01    7.220e-01
6.840e-01      1.231e-01    -2.736e-01    7.240e-01
6.860e-01      1.272e-01    -2.717e-01    7.260e-01
6.880e-01      1.312e-01    -2.698e-01    7.280e-01
6.900e-01      1.353e-01    -2.678e-01    7.300e-01
6.920e-01      1.393e-01    -2.657e-01    7.320e-01
6.940e-01      1.433e-01    -2.636e-01    7.340e-01
6.960e-01      1.472e-01    -2.614e-01    7.360e-01
6.980e-01      1.511e-01    -2.592e-01    7.380e-01
7.000e-01      1.550e-01    -2.569e-01    7.400e-01
7.020e-01      1.588e-01    -2.545e-01    7.420e-01
7.040e-01      1.626e-01    -2.521e-01    7.440e-01
7.060e-01      1.664e-01    -2.496e-01    7.460e-01
7.080e-01      1.701e-01    -2.471e-01    7.480e-01
7.100e-01      1.738e-01    -2.445e-01    7.500e-01
7.120e-01      1.775e-01    -2.419e-01    7.520e-01
7.140e-01      1.811e-01    -2.392e-01    7.540e-01
7.160e-01      1.846e-01    -2.364e-01    7.560e-01
7.180e-01      1.882e-01    -2.336e-01    7.580e-01
7.200e-01      1.917e-01    -2.308e-01    7.600e-01
7.220e-01      1.951e-01    -2.279e-01    7.620e-01
7.240e-01      1.985e-01    -2.249e-01    7.640e-01
7.260e-01      2.019e-01    -2.219e-01    7.660e-01
7.280e-01      2.052e-01    -2.189e-01    7.680e-01
7.300e-01      2.084e-01    -2.158e-01    7.700e-01
7.320e-01      2.116e-01    -2.126e-01    7.720e-01
7.340e-01      2.148e-01    -2.094e-01    7.740e-01
7.360e-01      2.179e-01    -2.062e-01    7.760e-01
7.380e-01      2.210e-01    -2.029e-01    7.780e-01
7.400e-01      2.240e-01    -1.995e-01    7.800e-01
7.420e-01      2.270e-01    -1.961e-01    7.820e-01
7.440e-01      2.299e-01    -1.927e-01    7.840e-01
7.460e-01      2.328e-01    -1.892e-01    7.860e-01
7.480e-01      2.356e-01    -1.857e-01    7.880e-01
7.500e-01      2.384e-01    -1.822e-01    7.900e-01
7.520e-01      2.411e-01    -1.786e-01    7.920e-01
7.540e-01      2.437e-01    -1.749e-01    7.940e-01
7.560e-01      2.463e-01    -1.712e-01    7.960e-01
7.580e-01      2.489e-01    -1.675e-01    7.980e-01
7.600e-01      2.514e-01    -1.638e-01    8.000e-01
7.620e-01      2.538e-01    -1.600e-01    8.020e-01
7.640e-01      2.562e-01    -1.562e-01    8.040e-01
7.660e-01      2.585e-01    -1.523e-01    8.060e-01
7.680e-01      2.607e-01    -1.484e-01    8.080e-01
7.700e-01      2.629e-01    -1.445e-01    8.100e-01
7.720e-01      2.651e-01    -1.405e-01    8.120e-01
7.740e-01      2.671e-01    -1.365e-01    8.140e-01
7.760e-01      2.692e-01    -1.325e-01    8.160e-01
7.780e-01      2.711e-01    -1.284e-01    8.180e-01
7.800e-01      2.730e-01    -1.243e-01    8.200e-01
7.820e-01      2.749e-01    -1.202e-01    8.220e-01
7.840e-01      2.766e-01    -1.161e-01    8.240e-01
7.860e-01      2.783e-01    -1.119e-01    8.260e-01
7.880e-01      2.800e-01    -1.077e-01    8.280e-01
7.900e-01      2.816e-01    -1.035e-01    8.300e-01
7.920e-01      2.831e-01    -9.930e-02    8.320e-01
7.940e-01      2.846e-01    -9.500e-02    8.340e-01
7.960e-01      2.860e-01    -9.070e-02    8.360e-01
7.980e-01      2.873e-01    -8.640e-02    8.380e-01
8.000e-01      2.885e-01    -8.210e-02    8.400e-01
8.020e-01      2.897e-01    -7.780e-02    8.420e-01
8.040e-01      2.909e-01    -7.340e-02    8.440e-01
8.060e-01      2.920e-01    -6.900e-02    8.460e-01
8.080e-01      2.930e-01    -6.460e-02    8.480e-01
8.100e-01      2.939e-01    -6.020e-02    8.500e-01
8.120e-01      2.948e-01    -5.580e-02    8.520e-01
8.140e-01      2.956e-01    -5.140e-02    8.540e-01
8.160e-01      2.963e-01    -4.690e-02    8.560e-01
8.180e-01      2.970e-01    -4.250e-02    8.580e-01
8.200e-01      2.976e-01    -3.800e-02    8.600e-01
8.220e-01      2.981e-01    -3.350e-02    8.620e-01
8.240e-01      2.986e-01    -2.910e-02    8.640e-01
8.260e-01      2.990e-01    -2.460e-02    8.660e-01
8.280e-01      2.993e-01    -2.010e-02    8.680e-01
8.300e-01      2.996e-01    -1.560e-02    8.700e-01
8.320e-01      2.998e-01    -1.110e-02    8.720e-01
8.340e-01      2.999e-01    -0.660e-02    8.740e-01
8.360e-01      3.000e-01    -0.210e-02    8.760e-01
8.380e-01      3.000e-01     0.240e-02    8.780e-01
8.400e-01      2.999e-01     0.690e-02    8.800e-01
8.420e-01      2.998e-01     1.140e-02    8.820e-01
8.440e-01      2.996e-01     1.590e-02    8.840e-01
8.460e-01      2.993e-01     2.040e-02    8.860e-01
8.480e-01      2.990e-01     2.490e-02    8.880e-01
8.500e-01      2.986e-01     2.940e-02    8.900e-01
8.520e-01      2.981e-01     3.390e-02    8.920e-01
8.540e-01      2.975e-01     3.840e-02    8.940e-01
8.560e-01      2.969e-01     4.280e-02    8.960e-01
8.580e-01      2.963e-01     4.730e-02    8.980e-01
8.600e-01      2.955e-01     5.170e-02    9.000e-01
8.620e-01      2.947e-01     5.620e-02    9.020e-01
8.640e-01      2.938e-01     6.060e-02    9.040e-01
8.660e-01      2.929e-01     6.500e-02    9.060e-01
8.680e-01      2.919e-01     6.940e-02    9.080e-01
8.700e-01      2.908e-01     7.370e-02    9.100e-01
8.720e-01      2.897e-01     7.810e-02    9.120e-01
8.740e-01      2.885e-01     8.240e-02    9.140e-01
8.760e-01      2.872e-01     8.680e-02    9.160e-01
8.780e-01      2.858e-01     9.110e-02    9.180e-01
8.800e-01      2.844e-01     9.530e-02    9.200e-01
8.820e-01      2.830e-01     9.960e-02    9.220e-01
8.840e-01      2.815e-01     1.030e-01    9.240e-01
8.860e-01      2.799e-01     1.080e-01    9.260e-01
8.880e-01      2.782e-01     1.120e-01    9.280e-01
8.900e-01      2.765e-01     1.160e-01    9.300e-01
8.920e-01      2.747e-01     1.200e-01    9.320e-01
8.940e-01      2.729e-01     1.240e-01    9.340e-01
8.960e-01      2.710e-01     1.280e-01    9.360e-01
8.980e-01      2.690e-01     1.320e-01    9.380e-01
9.000e-01      2.670e-01     1.360e-01    9.400e-01
9.020e-01      2.649e-01     1.400e-01    9.420e-01
9.040e-01      2.628e-01     1.440e-01    9.440e-01
9.060e-01      2.606e-01     1.480e-01    9.460e-01
9.080e-01      2.583e-01     1.520e-01    9.480e-01
9.100e-01      2.560e-01     1.560e-01    9.500e-01
9.120e-01      2.536e-01     1.600e-01    9.520e-01
9.140e-01      2.512e-01     1.640e-01    9.540e-01
9.160e-01      2.487e-01     1.670e-01    9.560e-01
9.180e-01      2.461e-01     1.710e-01    9.580e-01
9.200e-01      2.435e-01     1.750e-01    9.600e-01
9.220e-01      2.409e-01     1.780e-01    9.620e-01
9.240e-01      2.381e-01     1.820e-01    9.640e-01
9.260e-01      2.354e-01     1.860e-01    9.660e-01
9.280e-01      2.326e-01     1.890e-01    9.680e-01
9.300e-01      2.297e-01     1.930e-01    9.700e-01
9.320e-01      2.268e-01     1.960e-01    9.720e-01
9.340e-01      2.238e-01     1.990e-01    9.740e-01
9.360e-01      2.208e-01     2.030e-01    9.760e-01
9.380e-01      2.177e-01     2.060e-01    9.780e-01
9.400e-01      2.146e-01     2.090e-01    9.800e-01
9.420e-01      2.114e-01     2.120e-01    9.820e-01
9.440e-01      2.082e-01     2.160e-01    9.840e-01
9.460e-01      2.049e-01     2.190e-01    9.860e-01
9.480e-01      2.016e-01     2.220e-01    9.880e-01
9.500e-01      1.982e-01     2.250e-01    9.900e-01
9.520e-01      1.948e-01     2.280e-01    9.920e-01
9.540e-01      1.914e-01     2.310e-01    9.940e-01
9.560e-01      1.879e-01     2.330e-01    9.960e-01
9.580e-01      1.844e-01     2.360e-01    9.980e-01
9.600e-01      1.808e-01     2.390e-01    1.000e-00
9.620e-01      1.772e-01     2.420e-01    1.002e-00
9.640e-01      1.735e-01     2.440e-01    1.004e-00
9.660e-01      1.698e-01     2.470e-01    1.006e-00
9.680e-01      1.661e-01     2.490e-01    1.008e-00
9.700e-01      1.623e-01     2.520e-01    1.010e-00
9.720e-01      1.585e-01     2.540e-01    1.012e-00
9.740e-01      1.547e-01     2.570e-01    1.014e-00
9.760e-01      1.508e-01     2.590e-01    1.016e-00
9.780e-01      1.469e-01     2.610e-01    1.018e-00
9.800e-01      1.429e-01     2.630e-01    1.020e-00
9.820e-01      1.390e-01     2.650e-01    1.022e-00
9.840e-01      1.350e-01     2.670e-01    1.024e-00
9.860e-01      1.309e-01     2.690e-01    1.026e-00
9.880e-01      1.268e-01     2.710e-01    1.028e-00
9.900e-01      1.228e-01     2.730e-01    1.030e-00
9.920e-01      1.186e-01     2.750e-01    1.032e-00
9.940e-01      1.145e-01     2.770e-01    1.034e-00
9.960e-01      1.103e-01     2.790e-01    1.036e-00
9.980e-01      1.061e-01     2.800e-01    1.038e-00
1.000e-00      1.019e-01     2.820e-01    1.040e-00
1.002e-00      9.760e-02     2.830e-01    1.042e-00
1.004e-00      9.340e-02     2.850e-01    1.044e-00
1.006e-00      8.910e-02     2.860e-01    1.046e-00
1.008e-00      8.480e-02     2.870e-01    1.048e-00
1.010e-00      8.040e-02     2.890e-01    1.050e-00
1.012e-00      7.610e-02     2.900e-01    1.052e-00
1.014e-00      7.170e-02     2.910e-01    1.054e-00
1.016e-00      6.730e-02     2.920e-01    1.056e-00
1.018e-00      6.290e-02     2.930e-01    1.058e-00
1.020e-00      5.850e-02     2.940e-01    1.060e-00
1.022e-00      5.410e-02     2.950e-01    1.062e-00
1.024e-00      4.970e-02     2.950e-01    1.064e-00
1.026e-00      4.520e-02     2.960e-01    1.066e-00
1.028e-00      4.080e-02     2.970e-01    1.068e-00
1.030e-00      3.630e-02     2.970e-01    1.070e-00
1.032e-00      3.180e-02     2.980e-01    1.072e-00
1.034e-00      2.730e-02     2.980e-01    1.074e-00
1.036e-00      2.280e-02     2.990e-01    1.076e-00
1.038e-00      1.830e-02     2.990e-01    1.078e-00
1.040e-00      1.380e-02     2.990e-01    1.080e-00
1.042e-00      9.300e-03     2.990e-01    1.082e-00
1.044e-00      4.800e-03     3.000e-01    1.084e-00
1.046e-00      3.000e-04     3.000e-01    1.086e-00
1.048e-00      -4.200e-03    3.000e-01    1.088e-00
1.050e-00      -8.700e-03    2.990e-01    1.090e-00
1.052e-00      -1.320e-02    2.990e-01    1.092e-00
1.054e-00      -1.770e-02    2.990e-01    1.094e-00
1.056e-00      -2.220e-02    2.990e-01    1.096e-00
1.058e-00      -2.670e-02    2.980e-01    1.098e-00
1.060e-00      -3.110e-02    2.980e-01    1.100e-00
1.062e-00      -3.560e-02    2.970e-01    1.102e-00
1.064e-00      -4.010e-02    2.970e-01    1.104e-00
1.066e-00      -4.450e-02    2.960e-01    1.106e-00
1.068e-00      -4.900e-02    2.960e-01    1.108e-00
1.070e-00      -5.340e-02    2.950e-01    1.110e-00
1.072e-00      -5.790e-02    2.940e-01    1.112e-00
1.074e-00      -6.230e-02    2.930e-01    1.114e-00
1.076e-00      -6.670e-02    2.920e-01    1.116e-00
1.078e-00      -7.110e-02    2.910e-01    1.118e-00
1.080e-00      -7.540e-02    2.900e-01    1.120e-00
1.082e-00      -7.980e-02    2.890e-01    1.122e-00
1.084e-00      -8.410e-02    2.880e-01    1.124e-00
1.086e-00      -8.840e-02    2.860e-01    1.126e-00
1.088e-00      -9.270e-02    2.850e-01    1.128e-00
1.090e-00      -9.700e-02    2.830e-01    1.130e-00
1.092e-00      -1.012e-01    2.820e-01    1.132e-00
1.094e-00      -1.055e-01    2.800e-01    1.134e-00
1.096e-00      -1.097e-01    2.790e-01    1.136e-00
1.098e-00      -1.139e-01    2.770e-01    1.138e-00
1.100e-00      -1.180e-01    2.750e-01    1.140e-00
1.102e-00      -1.221e-01    2.740e-01    1.142e-00
1.104e-00      -1.262e-01    2.720e-01    1.144e-00
1.106e-00      -1.303e-01    2.700e-01    1.146e-00
1.108e-00      -1.343e-01    2.680e-01    1.148e-00
1.110e-00      -1.384e-01    2.660e-01    1.150e-00
1.112e-00      -1.423e-01    2.640e-01    1.152e-00
1.114e-00      -1.463e-01    2.610e-01    1.154e-00
1.116e-00      -1.502e-01    2.590e-01    1.156e-00
1.118e-00      -1.541e-01    2.570e-01    1.158e-00
1.120e-00      -1.579e-01    2.550e-01    1.160e-00
1.122e-00      -1.617e-01    2.520e-01    1.162e-00
1.124e-00      -1.655e-01    2.500e-01    1.164e-00
1.126e-00      -1.693e-01    2.470e-01    1.166e-00
1.128e-00      -1.730e-01    2.450e-01    1.168e-00
1.130e-00      -1.766e-01    2.420e-01    1.170e-00
1.132e-00      -1.802e-01    2.390e-01    1.172e-00
1.134e-00      -1.838e-01    2.370e-01    1.174e-00
1.136e-00      -1.874e-01    2.340e-01    1.176e-00
1.138e-00      -1.909e-01    2.310e-01    1.178e-00
1.140e-00      -1.943e-01    2.280e-01    1.180e-00
1.142e-00      -1.977e-01    2.250e-01    1.182e-00
1.144e-00      -2.011e-01    2.220e-01    1.184e-00
1.146e-00      -2.044e-01    2.190e-01    1.186e-00
1.148e-00      -2.077e-01    2.160e-01    1.188e-00
1.150e-00      -2.109e-01    2.130e-01    1.190e-00
1.152e-00      -2.141e-01    2.100e-01    1.192e-00
1.154e-00      -2.172e-01    2.060e-01    1.194e-00
1.156e-00      -2.203e-01    2.030e-01    1.196e-00
1.158e-00      -2.233e-01    2.000e-01    1.198e-00
1.160e-00      -2.263e-01    1.960e-01    1.200e-00
1.162e-00      -2.292e-01    1.930e-01    1.202e-00
1.164e-00      -2.321e-01    1.900e-01    1.204e-00
1.166e-00      -2.350e-01    1.860e-01    1.206e-00
1.168e-00      -2.377e-01    1.830e-01    1.208e-00
1.170e-00      -2.405e-01    1.790e-01    1.210e-00
1.172e-00      -2.431e-01    1.750e-01    1.212e-00
1.174e-00      -2.457e-01    1.720e-01    1.214e-00
1.176e-00      -2.483e-01    1.680e-01    1.216e-00
1.178e-00      -2.508e-01    1.640e-01    1.218e-00
1.180e-00      -2.532e-01    1.600e-01    1.220e-00
1.182e-00      -2.556e-01    1.570e-01    1.222e-00
1.184e-00      -2.579e-01    1.530e-01    1.224e-00
1.186e-00      -2.602e-01    1.490e-01    1.226e-00
1.188e-00      -2.624e-01    1.450e-01    1.228e-00
1.190e-00      -2.646e-01    1.410e-01    1.230e-00
1.192e-00      -2.667e-01    1.370e-01    1.232e-00
1.194e-00      -2.687e-01    1.330e-01    1.234e-00
1.196e-00      -2.707e-01    1.290e-01    1.236e-00
1.198e-00      -2.726e-01    1.250e-01    1.238e-00
1.200e-00      -2.744e-01    1.210e-01    1.240e-00
1.202e-00      -2.762e-01    1.170e-01    1.242e-00
1.204e-00      -2.780e-01    1.120e-01    1.244e-00
1.206e-00      -2.796e-01    1.080e-01    1.246e-00
1.208e-00      -2.812e-01    1.040e-01    1.248e-00
1.210e-00      -2.828e-01    1.000e-01    1.250e-00
1.212e-00      -2.842e-01    9.600e-02    1.252e-00
1.214e-00      -2.856e-01    9.170e-02    1.254e-00
1.216e-00      -2.870e-01    8.740e-02    1.256e-00
1.218e-00      -2.883e-01    8.310e-02    1.258e-00
1.220e-00      -2.895e-01    7.880e-02    1.260e-00
1.222e-00      -2.906e-01    7.440e-02    1.262e-00
1.224e-00      -2.917e-01    7.000e-02    1.264e-00
1.226e-00      -2.927e-01    6.560e-02    1.266e-00
1.228e-00      -2.937e-01    6.120e-02    1.268e-00
1.230e-00      -2.946e-01    5.680e-02    1.270e-00
1.232e-00      -2.954e-01    5.240e-02    1.272e-00
1.234e-00      -2.961e-01    4.790e-02    1.274e-00
1.236e-00      -2.968e-01    4.350e-02    1.276e-00
1.238e-00      -2.974e-01    3.900e-02    1.278e-00
1.240e-00      -2.980e-01    3.460e-02    1.280e-00
1.242e-00      -2.985e-01    3.010e-02    1.282e-00
1.244e-00      -2.989e-01    2.560e-02    1.284e-00
1.246e-00      -2.993e-01    2.110e-02    1.286e-00
1.248e-00      -2.995e-01    1.660e-02    1.288e-00
1.250e-00      -2.998e-01    1.210e-02    1.290e-00
1.252e-00      -2.999e-01    7.600e-03    1.292e-00
1.254e-00      -3.000e-01    3.100e-03    1.294e-00
1.256e-00      -3.000e-01   -1.400e-03    1.296e-00
1.258e-00      -2.999e-01   -5.900e-03    1.298e-00
1.260e-00      -2.998e-01   -1.040e-02    1.300e-00
1.262e-00      -2.996e-01   -1.490e-02    1.302e-00
1.264e-00      -2.994e-01   -1.940e-02    1.304e-00
1.266e-00      -2.990e-01   -2.390e-02    1.306e-00
1.268e-00      -2.987e-01   -2.840e-02    1.308e-00
1.270e-00      -2.982e-01   -3.290e-02    1.310e-00
1.272e-00      -2.977e-01   -3.730e-02    1.312e-00
1.274e-00      -2.971e-01   -4.180e-02    1.314e-00
1.276e-00      -2.964e-01   -4.630e-02    1.316e-00
1.278e-00      -2.957e-01   -5.070e-02    1.318e-00
1.280e-00      -2.949e-01   -5.510e-02    1.320e-00
1.282e-00      -2.940e-01   -5.960e-02    1.322e-00
1.284e-00      -2.931e-01   -6.400e-02    1.324e-00
1.286e-00      -2.921e-01   -6.840e-02    1.326e-00
1.288e-00      -2.910e-01   -7.270e-02    1.328e-00
1.290e-00      -2.899e-01   -7.710e-02    1.330e-00
1.292e-00      -2.887e-01   -8.140e-02    1.332e-00
1.294e-00      -2.875e-01   -8.580e-02    1.334e-00
1.296e-00      -2.862e-01   -9.010e-02    1.336e-00
1.298e-00      -2.848e-01   -9.440e-02    1.338e-00
1.300e-00      -2.833e-01   -9.860e-02    1.340e-00
1.302e-00      -2.818e-01   -1.029e-01    1.342e-00
1.304e-00      -2.802e-01   -1.071e-01    1.344e-00
1.306e-00      -2.786e-01   -1.113e-01    1.346e-00
1.308e-00      -2.769e-01   -1.155e-01    1.348e-00
1.310e-00      -2.751e-01   -1.196e-01    1.350e-00
1.312e-00      -2.733e-01   -1.237e-01    1.352e-00
1.314e-00      -2.714e-01   -1.278e-01    1.354e-00
1.316e-00      -2.695e-01   -1.319e-01    1.356e-00
1.318e-00      -2.675e-01   -1.359e-01    1.358e-00
1.320e-00      -2.654e-01   -1.399e-01    1.360e-00
1.322e-00      -2.633e-01   -1.439e-01    1.362e-00
1.324e-00      -2.611e-01   -1.478e-01    1.364e-00
1.326e-00      -2.588e-01   -1.517e-01    1.366e-00
1.328e-00      -2.565e-01   -1.556e-01    1.368e-00
1.330e-00      -2.541e-01   -1.594e-01    1.370e-00
1.332e-00      -2.517e-01   -1.632e-01    1.372e-00
1.334e-00      -2.492e-01   -1.670e-01    1.374e-00
1.336e-00      -2.467e-01   -1.707e-01    1.376e-00
1.338e-00      -2.441e-01   -1.744e-01    1.378e-00
1.340e-00      -2.415e-01   -1.780e-01    1.380e-00
1.342e-00      -2.388e-01   -1.816e-01    1.382e-00
1.344e-00      -2.360e-01   -1.852e-01    1.384e-00
1.346e-00      -2.332e-01   -1.887e-01    1.386e-00
1.348e-00      -2.304e-01   -1.922e-01    1.388e-00
1.350e-00      -2.274e-01   -1.956e-01    1.390e-00
1.352e-00      -2.245e-01   -1.990e-01    1.392e-00
1.354e-00      -2.215e-01   -2.024e-01    1.394e-00
1.356e-00      -2.184e-01   -2.057e-01    1.396e-00
1.358e-00      -2.153e-01   -2.089e-01    1.398e-00
1.360e-00      -2.121e-01   -2.121e-01    1.400e-00
1.362e-00      -2.089e-01   -2.153e-01    1.402e-00
1.364e-00      -2.057e-01   -2.184e-01    1.404e-00
1.366e-00      -2.024e-01   -2.215e-01    1.406e-00
1.368e-00      -1.990e-01   -2.245e-01    1.408e-00
1.370e-00      -1.956e-01   -2.275e-01    1.410e-00
1.372e-00      -1.922e-01   -2.304e-01    1.412e-00
1.374e-00      -1.887e-01   -2.332e-01    1.414e-00
1.376e-00      -1.852e-01   -2.360e-01    1.416e-00
1.378e-00      -1.816e-01   -2.388e-01    1.418e-00
1.380e-00      -1.780e-01   -2.415e-01    1.420e-00
1.382e-00      -1.744e-01   -2.441e-01    1.422e-00
1.384e-00      -1.707e-01   -2.467e-01    1.424e-00
1.386e-00      -1.670e-01   -2.493e-01    1.426e-00
1.388e-00      -1.632e-01   -2.517e-01    1.428e-00
1.390e-00      -1.594e-01   -2.542e-01    1.430e-00
1.392e-00      -1.556e-01   -2.565e-01    1.432e-00
1.394e-00      -1.517e-01   -2.588e-01    1.434e-00
1.396e-00      -1.478e-01   -2.611e-01    1.436e-00
1.398e-00      -1.438e-01   -2.633e-01    1.438e-00
1.400e-00      -1.399e-01   -2.654e-01    1.440e-00
1.402e-00      -1.359e-01   -2.675e-01    1.442e-00
1.404e-00      -1.318e-01   -2.695e-01    1.444e-00
1.406e-00      -1.278e-01   -2.714e-01    1.446e-00
1.408e-00      -1.237e-01   -2.733e-01    1.448e-00
1.410e-00      -1.196e-01   -2.751e-01    1.450e-00
1.412e-00      -1.154e-01   -2.769e-01    1.452e-00
1.414e-00      -1.113e-01   -2.786e-01    1.454e-00
1.416e-00      -1.071e-01   -2.802e-01    1.456e-00
1.418e-00      -1.028e-01   -2.818e-01    1.458e-00
1.420e-00      -9.860e-02   -2.833e-01    1.460e-00
1.422e-00      -9.430e-02   -2.848e-01    1.462e-00
1.424e-00      -9.010e-02   -2.862e-01    1.464e-00
1.426e-00      -8.570e-02   -2.875e-01    1.466e-00
1.428e-00      -8.140e-02   -2.887e-01    1.468e-00
1.430e-00      -7.710e-02   -2.899e-01    1.470e-00
1.432e-00      -7.270e-02   -2.911e-01    1.472e-00
1.434e-00      -6.830e-02   -2.921e-01    1.474e-00
1.436e-00      -6.390e-02   -2.931e-01    1.476e-00
1.438e-00      -5.950e-02   -2.940e-01    1.478e-00
1.440e-00      -5.510e-02   -2.949e-01    1.480e-00
1.442e-00      -5.070e-02   -2.957e-01    1.482e-00
1.444e-00      -4.620e-02   -2.964e-01    1.484e-00
1.446e-00      -4.180e-02   -2.971e-01    1.486e-00
1.448e-00      -3.730e-02   -2.977e-01    1.488e-00
1.450e-00      -3.280e-02   -2.982e-01    1.490e-00
1.452e-00      -2.840e-02   -2.987e-01    1.492e-00
1.454e-00      -2.390e-02   -2.990e-01    1.494e-00
1.456e-00      -1.940e-02   -2.994e-01    1.496e-00
1.458e-00      -1.490e-02   -2.996e-01    1.498e-00
1.460e-00      -1.040e-02   -2.998e-01    1.500e-00
1.462e-00      -5.900e-03   -2.999e-01    1.502e-00
1.464e-00      -1.400e-03   -3.000e-01    1.504e-00
1.466e-00      3.100e-03    -3.000e-01    1.506e-00
1.468e-00      7.600e-03    -2.999e-01    1.508e-00
1.470e-00      1.210e-02    -2.998e-01    1.510e-00
1.472e-00      1.660e-02    -2.995e-01    1.512e-00
1.474e-00      2.110e-02    -2.993e-01    1.514e-00
1.476e-00      2.560e-02    -2.989e-01    1.516e-00
1.478e-00      3.010e-02    -2.985e-01    1.518e-00
1.480e-00      3.460e-02    -2.980e-01    1.520e-00
1.482e-00      3.910e-02    -2.974e-01    1.522e-00
1.484e-00      4.350e-02    -2.968e-01    1.524e-00
1.486e-00      4.800e-02    -2.961e-01    1.526e-00
1.488e-00      5.240e-02    -2.954e-01    1.528e-00
1.490e-00      5.680e-02    -2.946e-01    1.530e-00
1.492e-00      6.130e-02    -2.937e-01    1.532e-00
1.494e-00      6.570e-02    -2.927e-01    1.534e-00
1.496e-00      7.000e-02    -2.917e-01    1.536e-00
1.498e-00      7.440e-02    -2.906e-01    1.538e-00
1.500e-00      7.880e-02    -2.895e-01    1.540e-00
1.502e-00      8.310e-02    -2.883e-01    1.542e-00
1.504e-00      8.740e-02    -2.870e-01    1.544e-00
1.506e-00      9.170e-02    -2.856e-01    1.546e-00
1.508e-00      9.600e-02    -2.842e-01    1.548e-00
1.510e-00      1.003e-01    -2.828e-01    1.550e-00
1.512e-00      1.045e-01    -2.812e-01    1.552e-00
1.514e-00      1.087e-01    -2.796e-01    1.554e-00
1.516e-00      1.129e-01    -2.779e-01    1.556e-00
1.518e-00      1.171e-01    -2.762e-01    1.558e-00
1.520e-00      1.212e-01    -2.744e-01    1.560e-00
1.522e-00      1.253e-01    -2.726e-01    1.562e-00
1.524e-00      1.294e-01    -2.707e-01    1.564e-00
1.526e-00      1.334e-01    -2.687e-01    1.566e-00
1.528e-00      1.374e-01    -2.667e-01    1.568e-00
1.530e-00      1.414e-01    -2.646e-01    1.570e-00
1.532e-00      1.454e-01    -2.624e-01    1.572e-00
1.534e-00      1.493e-01    -2.602e-01    1.574e-00
1.536e-00      1.532e-01    -2.579e-01    1.576e-00
1.538e-00      1.571e-01    -2.556e-01    1.578e-00
1.540e-00      1.609e-01    -2.532e-01    1.580e-00
1.542e-00      1.647e-01    -2.508e-01    1.582e-00
1.544e-00      1.684e-01    -2.483e-01    1.584e-00
1.546e-00      1.721e-01    -2.457e-01    1.586e-00
1.548e-00      1.758e-01    -2.431e-01    1.588e-00
1.550e-00      1.794e-01    -2.404e-01    1.590e-00
1.552e-00      1.830e-01    -2.377e-01    1.592e-00
1.554e-00      1.866e-01    -2.349e-01    1.594e-00
1.556e-00      1.901e-01    -2.321e-01    1.596e-00
1.558e-00      1.935e-01    -2.292e-01    1.598e-00
1.560e-00      1.969e-01    -2.263e-01    1.600e-00
1.562e-00      2.003e-01    -2.233e-01    1.602e-00
1.564e-00      2.036e-01    -2.203e-01    1.604e-00
1.566e-00      2.069e-01    -2.172e-01    1.606e-00
1.568e-00      2.102e-01    -2.141e-01    1.608e-00
1.570e-00      2.134e-01    -2.109e-01    1.610e-00
1.572e-00      2.165e-01    -2.077e-01    1.612e-00
1.574e-00      2.196e-01    -2.044e-01    1.614e-00
1.576e-00      2.226e-01    -2.011e-01    1.616e-00
1.578e-00      2.256e-01    -1.977e-01    1.618e-00
1.580e-00      2.286e-01    -1.943e-01    1.620e-00
1.582e-00      2.315e-01    -1.908e-01    1.622e-00
1.584e-00      2.343e-01    -1.873e-01    1.624e-00
1.586e-00      2.371e-01    -1.838e-01    1.626e-00
1.588e-00      2.398e-01    -1.802e-01    1.628e-00
1.590e-00      2.425e-01    -1.766e-01    1.630e-00
1.592e-00      2.451e-01    -1.729e-01    1.632e-00
1.594e-00      2.477e-01    -1.692e-01    1.634e-00
1.596e-00      2.502e-01    -1.655e-01    1.636e-00
1.598e-00      2.527e-01    -1.617e-01    1.638e-00
1.600e-00      2.551e-01    -1.579e-01    1.640e-00
1.602e-00      2.574e-01    -1.541e-01    1.642e-00
1.604e-00      2.597e-01    -1.502e-01    1.644e-00
1.606e-00      2.619e-01    -1.463e-01    1.646e-00
1.608e-00      2.641e-01    -1.423e-01    1.648e-00
1.610e-00      2.662e-01    -1.383e-01    1.650e-00
1.612e-00      2.682e-01    -1.343e-01    1.652e-00
1.614e-00      2.702e-01    -1.303e-01    1.654e-00
1.616e-00      2.722e-01    -1.262e-01    1.656e-00
1.618e-00      2.740e-01    -1.221e-01    1.658e-00
1.620e-00      2.758e-01    -1.180e-01    1.660e-00
1.622e-00      2.776e-01    -1.138e-01    1.662e-00
1.624e-00      2.792e-01    -1.097e-01    1.664e-00
1.626e-00      2.809e-01    -1.054e-01    1.666e-00
1.628e-00      2.824e-01    -1.012e-01    1.668e-00
1.630e-00      2.839e-01    -9.700e-02    1.670e-00
1.632e-00      2.853e-01    -9.270e-02    1.672e-00
1.634e-00      2.867e-01    -8.840e-02    1.674e-00
1.636e-00      2.880e-01    -8.410e-02    1.676e-00
1.638e-00      2.892e-01    -7.980e-02    1.678e-00
1.640e-00      2.904e-01    -7.540e-02    1.680e-00
1.642e-00      2.915e-01    -7.100e-02    1.682e-00
1.644e-00      2.925e-01    -6.660e-02    1.684e-00
1.646e-00      2.935e-01    -6.220e-02    1.686e-00
1.648e-00      2.944e-01    -5.780e-02    1.688e-00
1.650e-00      2.952e-01    -5.340e-02    1.690e-00
1.652e-00      2.960e-01    -4.900e-02    1.692e-00
1.654e-00      2.967e-01    -4.450e-02    1.694e-00
1.656e-00      2.973e-01    -4.010e-02    1.696e-00
1.658e-00      2.979e-01    -3.560e-02    1.698e-00
1.660e-00      2.984e-01    -3.110e-02    1.700e-00
1.662e-00      2.988e-01    -2.660e-02    1.702e-00
1.664e-00      2.992e-01    -2.210e-02    1.704e-00
1.666e-00      2.995e-01    -1.760e-02    1.706e-00
1.668e-00      2.997e-01    -1.320e-02    1.708e-00
1.670e-00      2.999e-01    -8.600e-03    1.710e-00
1.672e-00      3.000e-01    -4.100e-03    1.712e-00
1.674e-00      3.000e-01     4.000e-04    1.714e-00
1.676e-00      3.000e-01     4.900e-03    1.716e-00
1.678e-00      2.999e-01     9.400e-03    1.718e-00
1.680e-00      2.997e-01     1.390e-02    1.720e-00
1.682e-00      2.994e-01     1.840e-02    1.722e-00
1.684e-00      2.991e-01     2.290e-02    1.724e-00
1.686e-00      2.988e-01     2.730e-02    1.726e-00
1.688e-00      2.983e-01     3.180e-02    1.728e-00
1.690e-00      2.978e-01     3.630e-02    1.730e-00
1.692e-00      2.972e-01     4.080e-02    1.732e-00
1.694e-00      2.966e-01     4.520e-02    1.734e-00
1.696e-00      2.959e-01     4.970e-02    1.736e-00
1.698e-00      2.951e-01     5.410e-02    1.738e-00
1.700e-00      2.942e-01     5.850e-02    1.740e-00
1.702e-00      2.933e-01     6.300e-02    1.742e-00
1.704e-00      2.923e-01     6.730e-02    1.744e-00
1.706e-00      2.913e-01     7.170e-02    1.746e-00
1.708e-00      2.902e-01     7.610e-02    1.748e-00
1.710e-00      2.890e-01     8.040e-02    1.750e-00
1.712e-00      2.878e-01     8.480e-02    1.752e-00
1.714e-00      2.865e-01     8.910e-02    1.754e-00
1.716e-00      2.851e-01     9.340e-02    1.756e-00
1.718e-00      2.837e-01     9.760e-02    1.758e-00
1.720e-00      2.822e-01     1.019e-01    1.760e-00
1.722e-00      2.806e-01     1.061e-01    1.762e-00
1.724e-00      2.790e-01     1.103e-01    1.764e-00
1.726e-00      2.773e-01     1.145e-01    1.766e-00
1.728e-00      2.755e-01     1.186e-01    1.768e-00
1.730e-00      2.737e-01     1.228e-01    1.770e-00
1.732e-00      2.719e-01     1.269e-01    1.772e-00
1.734e-00      2.699e-01     1.309e-01    1.774e-00
1.736e-00      2.679e-01     1.350e-01    1.776e-00
1.738e-00      2.659e-01     1.390e-01    1.778e-00
1.740e-00      2.637e-01     1.430e-01    1.780e-00
1.742e-00      2.616e-01     1.469e-01    1.782e-00
1.744e-00      2.593e-01     1.508e-01    1.784e-00
1.746e-00      2.570e-01     1.547e-01    1.786e-00
1.748e-00      2.547e-01     1.585e-01    1.788e-00
1.750e-00      2.523e-01     1.623e-01    1.790e-00
1.752e-00      2.498e-01     1.661e-01    1.792e-00
1.754e-00      2.473e-01     1.698e-01    1.794e-00
1.756e-00      2.447e-01     1.735e-01    1.796e-00
1.758e-00      2.421e-01     1.772e-01    1.798e-00
1.760e-00      2.394e-01     1.808e-01    1.800e-00
1.762e-00      2.367e-01     1.844e-01    1.802e-00
1.764e-00      2.339e-01     1.879e-01    1.804e-00
1.766e-00      2.310e-01     1.914e-01    1.806e-00
1.768e-00      2.281e-01     1.948e-01    1.808e-00
1.770e-00      2.252e-01     1.982e-01    1.810e-00
1.772e-00      2.222e-01     2.016e-01    1.812e-00
1.774e-00      2.191e-01     2.049e-01    1.814e-00
1.776e-00      2.160e-01     2.082e-01    1.816e-00
1.778e-00      2.129e-01     2.114e-01    1.818e-00
1.780e-00      2.097e-01     2.146e-01    1.820e-00
1.782e-00      2.064e-01     2.177e-01    1.822e-00
1.784e-00      2.031e-01     2.208e-01    1.824e-00
1.786e-00      1.998e-01     2.238e-01    1.826e-00
1.788e-00      1.964e-01     2.268e-01    1.828e-00
1.790e-00      1.930e-01     2.297e-01    1.830e-00
1.792e-00      1.895e-01     2.326e-01    1.832e-00
1.794e-00      1.860e-01     2.354e-01    1.834e-00
1.796e-00      1.824e-01     2.382e-01    1.836e-00
1.798e-00      1.788e-01     2.409e-01    1.838e-00
1.800e-00      1.752e-01     2.435e-01    1.840e-00
1.802e-00      1.715e-01     2.461e-01    1.842e-00
1.804e-00      1.678e-01     2.487e-01    1.844e-00
1.806e-00      1.641e-01     2.512e-01    1.846e-00
1.808e-00      1.603e-01     2.536e-01    1.848e-00
1.810e-00      1.564e-01     2.560e-01    1.850e-00
1.812e-00      1.526e-01     2.583e-01    1.852e-00
1.814e-00      1.487e-01     2.606e-01    1.854e-00
1.816e-00      1.448e-01     2.628e-01    1.856e-00
1.818e-00      1.408e-01     2.649e-01    1.858e-00
1.820e-00      1.368e-01     2.670e-01    1.860e-00
1.822e-00      1.328e-01     2.690e-01    1.862e-00
1.824e-00      1.287e-01     2.710e-01    1.864e-00
1.826e-00      1.246e-01     2.729e-01    1.866e-00
1.828e-00      1.205e-01     2.747e-01    1.868e-00
1.830e-00      1.164e-01     2.765e-01    1.870e-00
1.832e-00      1.122e-01     2.782e-01    1.872e-00
1.834e-00      1.080e-01     2.799e-01    1.874e-00
1.836e-00      1.038e-01     2.815e-01    1.876e-00
1.838e-00      9.960e-02     2.830e-01    1.878e-00
1.840e-00      9.530e-02     2.845e-01    1.880e-00
1.842e-00      9.100e-02     2.859e-01    1.882e-00
1.844e-00      8.670e-02     2.872e-01    1.884e-00
1.846e-00      8.240e-02     2.885e-01    1.886e-00
1.848e-00      7.810e-02     2.897e-01    1.888e-00
1.850e-00      7.370e-02     2.908e-01    1.890e-00
1.852e-00      6.930e-02     2.919e-01    1.892e-00
1.854e-00      6.500e-02     2.929e-01    1.894e-00
1.856e-00      6.060e-02     2.938e-01    1.896e-00
1.858e-00      5.610e-02     2.947e-01    1.898e-00
1.860e-00      5.170e-02     2.955e-01    1.900e-00
1.862e-00      4.730e-02     2.963e-01    1.902e-00
1.864e-00      4.280e-02     2.969e-01    1.904e-00
1.866e-00      3.830e-02     2.975e-01    1.906e-00
1.868e-00      3.390e-02     2.981e-01    1.908e-00
1.870e-00      2.940e-02     2.986e-01    1.910e-00
1.872e-00      2.490e-02     2.990e-01    1.912e-00
1.874e-00      2.040e-02     2.993e-01    1.914e-00
1.876e-00      1.590e-02     2.996e-01    1.916e-00
1.878e-00      1.140e-02     2.998e-01    1.918e-00
1.880e-00      6.900e-02     2.999e-01    1.920e-00
1.882e-00      2.400e-02     3.000e-01    1.922e-00
1.884e-00      -2.100e-03    3.000e-01    1.924e-00
1.886e-00      -6.600e-03    2.999e-01    1.926e-00
1.888e-00      -1.110e-02    2.998e-01    1.928e-00
1.890e-00      -1.560e-02    2.996e-01    1.930e-00
1.892e-00      -2.010e-02    2.993e-01    1.932e-00
1.894e-00      -2.460e-02    2.990e-01    1.934e-00
1.896e-00      -2.910e-02    2.986e-01    1.936e-00
1.898e-00      -3.360e-02    2.981e-01    1.938e-00
1.900e-00      -3.800e-02    2.976e-01    1.940e-00
1.902e-00      -4.250e-02    2.970e-01    1.942e-00
1.904e-00      -4.690e-02    2.963e-01    1.944e-00
1.906e-00      -5.140e-02    2.956e-01    1.946e-00
1.908e-00      -5.580e-02    2.948e-01    1.948e-00
1.910e-00      -6.020e-02    2.939e-01    1.950e-00
1.912e-00      -6.460e-02    2.930e-01    1.952e-00
1.914e-00      -6.900e-02    2.919e-01    1.954e-00
1.916e-00      -7.340e-02    2.909e-01    1.956e-00
1.918e-00      -7.780e-02    2.897e-01    1.958e-00
1.920e-00      -8.210e-02    2.885e-01    1.960e-00
1.922e-00      -8.640e-02    2.873e-01    1.962e-00
1.924e-00      -9.070e-02    2.859e-01    1.964e-00
1.926e-00      -9.500e-02    2.846e-01    1.966e-00
1.928e-00      -9.930e-02    2.831e-01    1.968e-00
1.930e-00      -1.035e-01    2.816e-01    1.970e-00
1.932e-00      -1.077e-01    2.800e-01    1.972e-00
1.934e-00      -1.119e-01    2.783e-01    1.974e-00
1.936e-00      -1.161e-01    2.766e-01    1.976e-00
1.938e-00      -1.202e-01    2.749e-01    1.978e-00
1.940e-00      -1.244e-01    2.730e-01    1.980e-00
1.942e-00      -1.284e-01    2.711e-01    1.982e-00
1.944e-00      -1.325e-01    2.692e-01    1.984e-00
1.946e-00      -1.365e-01    2.671e-01    1.986e-00
1.948e-00      -1.405e-01    2.651e-01    1.988e-00
1.950e-00      -1.445e-01    2.629e-01    1.990e-00
1.952e-00      -1.484e-01    2.607e-01    1.992e-00
1.954e-00      -1.523e-01    2.585e-01    1.994e-00
1.956e-00      -1.562e-01    2.561e-01    1.996e-00
1.958e-00      -1.600e-01    2.538e-01    1.998e-00
1.960e-00      -1.638e-01    2.513e-01    2.000e-00
1.962e-00      -1.675e-01    2.489e-01    2.002e-00
1.964e-00      -1.713e-01    2.463e-01    2.004e-00
1.966e-00      -1.749e-01    2.437e-01    2.006e-00
1.968e-00      -1.786e-01    2.411e-01    2.008e-00
1.970e-00      -1.822e-01    2.383e-01    2.010e-00
1.972e-00      -1.857e-01    2.356e-01    2.012e-00
1.974e-00      -1.893e-01    2.328e-01    2.014e-00
1.976e-00      -1.927e-01    2.299e-01    2.016e-00
1.978e-00      -1.962e-01    2.270e-01    2.018e-00
1.980e-00      -1.995e-01    2.240e-01    2.020e-00
1.982e-00      -2.029e-01    2.210e-01    2.022e-00
1.984e-00      -2.062e-01    2.179e-01    2.024e-00
1.986e-00      -2.094e-01    2.148e-01    2.026e-00
1.988e-00      -2.126e-01    2.116e-01    2.028e-00
1.990e-00      -2.158e-01    2.084e-01    2.030e-00
1.992e-00      -2.189e-01    2.052e-01    2.032e-00
1.994e-00      -2.219e-01    2.018e-01    2.034e-00
1.996e-00      -2.250e-01    1.985e-01    2.036e-00
1.998e-00      -2.279e-01    1.951e-01    2.038e-00
2.000e-00      -2.279e-01    1.951e-01    2.038e-00
2.002e-00      -2.279e-01    1.951e-01    2.038e-00
2.004e-00      -2.279e-01    1.951e-01    2.038e-00
2.006e-00      -2.279e-01    1.951e-01    2.038e-00
2.008e-00      -2.279e-01    1.951e-01    2.038e-00
2.010e-00      -2.279e-01    1.951e-01    2.038e-00
2.012e-00      -2.279e-01    1.951e-01    2.038e-00
2.014e-00      -2.279e-01    1.951e-01    2.038e-00
2.016e-00      -2.279e-01    1.951e-01    2.038e-00
2.018e-00      -2.279e-01    1.951e-01    2.038e-00
2.020e-00      -2.279e-01    1.951e-01    2.038e-00
2.022e-00      -2.279e-01    1.951e-01    2.038e-00
2.024e-00      -2.279e-01    1.951e-01    2.038e-00
2.026e-00      -2.279e-01    1.951e-01    2.038e-00
2.028e-00      -2.279e-01    1.951e-01    2.038e-00
2.030e-00      -2.279e-01    1.951e-01    2.038e-00
2.032e-00      -2.279e-01    1.951e-01    2.038e-00
2.034e-00      -2.279e-01    1.951e-01    2.038e-00
2.036e-00      -2.279e-01    1.951e-01    2.038e-00
2.038e-00      -2.279e-01    1.951e-01    2.038e-00
2.040e-00      -2.279e-01    1.951e-01    2.038e-00
2.042e-00      -2.279e-01    1.951e-01    2.038e-00
2.044e-00      -2.279e-01    1.951e-01    2.038e-00
2.046e-00      -2.279e-01    1.951e-01    2.038e-00
2.048e-00      -2.279e-01    1.951e-01    2.038e-00
2.050e-00      -2.279e-01    1.951e-01    2.038e-00
2.052e-00      -2.279e-01    1.951e-01    2.038e-00
2.054e-00      -2.279e-01    1.951e-01    2.038e-00
2.056e-00      -2.279e-01    1.951e-01    2.038e-00
2.058e-00      -2.279e-01    1.951e-01    2.038e-00
2.060e-00      -2.279e-01    1.951e-01    2.038e-00
2.062e-00      -2.279e-01    1.951e-01    2.038e-00
2.064e-00      -2.279e-01    1.951e-01    2.038e-00
2.066e-00      -2.279e-01    1.951e-01    2.038e-00
2.068e-00      -2.279e-01    1.951e-01    2.038e-00
2.070e-00      -2.279e-01    1.951e-01    2.038e-00
2.072e-00      -2.279e-01    1.951e-01    2.038e-00
2.074e-00      -2.279e-01    1.951e-01    2.038e-00
2.076e-00      -2.279e-01    1.951e-01    2.038e-00
2.078e-00      -2.279e-01    1.951e-01    2.038e-00
2.080e-00      -2.279e-01    1.951e-01    2.038e-00
2.082e-00      -2.279e-01    1.951e-01    2.038e-00
2.084e-00      -2.279e-01    1.951e-01    2.038e-00
2.086e-00      -2.279e-01    1.951e-01    2.038e-00
2.088e-00      -2.279e-01    1.951e-01    2.038e-00
2.090e-00      -2.279e-01    1.951e-01    2.038e-00
2.092e-00      -2.279e-01    1.951e-01    2.038e-00
2.094e-00      -2.279e-01    1.951e-01    2.038e-00
2.096e-00      -2.279e-01    1.951e-01    2.038e-00
2.098e-00      -2.279e-01    1.951e-01    2.038e-00
